2007-10;2;8279;1;325;1;7954;0;0
2008-01;113;291948;63;28385;60;269536;11;6069
2008-02;380;1517945;59;270095;153;1058870;5;123272
2008-03;836;3237544;80;110036;257;1412167;8;20466
2008-04;1596;5147805;264;1408422;392;2840345;37;856026
2008-05;1946;5514347;432;1558899;491;2065484;56;544819
2008-06;2259;8423120;564;2171262;483;3937832;57;497560
2008-07;2435;5779497;648;2057630;441;2225424;47;517273
2008-08;2886;7991945;723;3035796;513;1942317;50;378224
2008-09;3327;10865120;839;3750112;542;4434527;59;496535
2008-10;3955;25328581;1046;5068118;753;17269690;75;987489
2008-11;4538;12972782;1291;5269304;716;3354729;70;622052
2008-12;5910;26344817;1576;8961465;922;8956941;97;1953756
2009-01;7235;23982266;1802;9112943;1085;8331288;123;1462183
2009-02;8015;26226502;2239;9388793;1130;8341170;125;1227314
2009-03;9141;33007253;2671;11497421;1367;9827721;157;1305771
2009-04;9577;46149018;2911;24267619;1363;11720678;172;1790043
2009-05;10151;57645899;3021;22619075;1505;19639757;163;3532550
2009-06;9465;44651083;2921;24345767;1335;9756315;176;1840833
2009-07;10119;48517491;3101;27579740;1397;9155890;157;1711337
2009-08;10614;52255464;3375;26759008;1531;13090890;224;3256145
2009-09;11392;63678992;3505;31591533;1641;21420434;208;3552677
2009-10;13131;62190849;4226;30728526;1775;18377554;272;5178899
2009-11;13306;54286875;3786;24120334;1960;14719804;242;4014017
2009-12;14407;60521647;3994;26848658;2652;20974253;285;5172174
2010-01;16160;75494033;4630;33849286;2558;24416704;294;5458254
2010-02;17391;71804630;4990;33418470;3200;21034353;380;4198211
2010-03;20368;94399399;5876;40663907;2871;26781879;417;4796072
2010-04;19485;105192464;5840;46068568;2875;31033665;361;4779767
2010-05;20002;122474723;6061;62620424;2839;39545589;369;10763024
2010-06;21271;115535054;6529;59136485;2927;32142738;442;13620993
2010-07;23165;139411945;7246;78825203;3424;45516376;552;20437893
2010-08;26105;156516892;8224;83131609;3737;41406500;614;15042340
2010-09;29965;183482211;9902;94315935;3975;55633640;658;16401083
2010-10;37159;201572433;10538;107077138;5055;55248317;709;20207873
2010-11;36073;225998004;10864;132064473;4715;64173801;724;32288035
2010-12;35030;240564889;10835;129796198;4639;64709659;753;23423246
2011-01;42922;338908633;13549;187740780;5525;97084922;889;35091358
2011-02;46483;351273684;14575;208316368;6140;94648047;1020;39033041
2011-03;54577;398261624;18252;239198110;6927;82706311;1146;32683883
2011-04;56766;452215855;19544;278688972;7163;118428086;1235;43882738
2011-05;62055;483754768;22400;307570371;7562;106787663;1487;48183885
2011-06;65651;807715564;23566;641142600;7945;372797661;1557;314565524
2011-07;66038;583013384;23784;395659642;8083;148533820;1517;85949099
2011-08;72937;673870372;27496;428779791;8958;194691638;1722;93202691
2011-09;81381;782099224;30152;527544944;9897;176437829;1875;79915484
2011-10;84800;753507584;32778;466622338;9726;171766729;1893;67074518
2011-11;91688;865421923;35855;567227773;10677;179252283;2163;72448261
2011-12;89492;866625690;35760;588904830;10426;156817725;2063;68175369
2012-01;109028;1132534161;43764;772451708;13090;221972835;2979;99944051
2012-02;123065;1147897633;48754;736209985;14026;200771139;2966;70808248
2012-03;142723;1505004789;59159;1039893118;16897;282503328;4481;140110191
2012-04;140967;1480504657;57360;996257743;16216;258794432;3684;116883840
2012-05;155999;1659456858;67567;1151319988;17023;294054832;4015;138889743
2012-06;156150;1591722863;68684;1130340904;16845;289956542;4321;141328619
2012-07;201755;1809761074;72203;1257683224;21257;311989138;4448;144185515
2012-08;187336;2057947213;82390;1454763390;18263;351864797;4612;151085676
2012-09;192833;2150771573;80208;1541100411;17516;296508755;4087;131976128
2012-10;232729;2446165879;94757;1723903418;20988;378501254;5673;165705844
2012-11;247338;2646860480;100646;1902715415;21038;384509688;4903;173915951
2012-12;237992;2868580545;104103;2169910668;20285;341640431;5071;168266903
2013-01;299117;3811286765;131340;2878835927;26201;522427435;6458;259882516
2013-02;293916;3519554970;127235;2648779178;26663;459896460;6710;230658554
2013-03;361177;4705749522;160597;3664557959;30823;551212582;7553;273998059
2013-04;362278;4751990245;161074;3625990745;31242;518482238;8004;225477695
2013-05;356873;4557102242;159141;3436583874;31722;589032340;7841;271915594
2013-06;402727;4490688467;158279;3476917141;31068;551605559;7839;271856147
2013-07;423151;5675625894;207768;4628200654;35150;587324789;9710;291417015
2013-08;413998;4605660800;217383;3554247342;36257;559536058;10284;250408835
2013-09;416099;4204343132;201841;3012470370;36142;558927266;9313;233881188
2013-10;460692;4514211396;213492;3113169465;41298;618733927;10743;249997095
2013-11;468068;4818792178;219445;3355400444;42107;646588794;11106;267169777
2013-12;437463;4646737047;208604;3295258345;41612;656185103;10528;273650619
2014-01;511386;7678191283;235480;5964672420;51323;944211391;12428;441858943
2014-02;527678;8124289410;243452;6445226909;52945;947000940;13055;441015253
2014-03;620768;10322398473;287178;8415573504;63842;1128126981;15874;600782346
2014-04;643636;9886092205;297214;7890193829;61984;1158285736;15651;570057511
2014-05;658819;10995097822;311756;9020503910;66693;1222478755;17159;616082356
2014-06;646147;11188065794;310258;9331618817;64826;1209640442;16277;587469407
2014-07;740090;12001213255;331661;10043231717;66781;1142896721;11693;485892506
2014-08;682383;11607881174;310113;9614128234;70355;1245798055;12154;549542139
2014-09;750358;12498375773;331138;10218971924;78197;1431816021;14309;583925358
2014-10;941533;14420235479;376104;11828220926;98523;1738431950;18299;678905193
2014-11;968488;15775291423;387771;13139926798;108723;1948792117;20197;824434472
2014-12;966232;14035343102;350466;11787455502;134133;2238614160;24419;950236872
2015-01;963538;15182254239;389256;12531781321;958137;15099132112;383892;12448663871
2015-02;850178;13924457898;376477;11244494213;847115;13881161114;373436;11201261533
2015-03;1136516;18919928179;456105;14761480378;1133907;18884905038;453517;14726465649
2015-04;1118447;18767762404;449671;15257207298;1116474;18744586813;447699;15234065995
2015-05;1220261;18206785279;452842;14892376385;1218591;18181865067;451172;14867456173
2015-06;1184201;18209859941;462104;15116984078;1182699;18187419295;460604;15094543672
2015-07;1156072;20000456928;501778;16847413542;1154496;19981335335;500202;16828291949
2015-08;1147024;19695435974;503670;16641450314;1145772;19680730035;502419;16626744503
2015-09;1213982;22949545863;560411;19801393036;1212570;22938316022;558999;19790163195
2015-10;1098962;19430057267;520035;17002758196;1097893;19419524403;518966;16992225332
2015-11;138951;2781475065;66654;2684088706;138827;2780288686;66530;2682902327
